154557192
154602461
154608791
154613441
154616361
154619951
154622470
154626460
154628671
154631511
154635420
154640160
154642949
154645810
154649300
154652010
154655759
154658429
154701159
154703310
154705959
154708949
154713268
154716978
154721889
154726788
154728938
154732458
154735527
154739288
154743158
154747057
154749597
154752317
154755888
154758557
154801027
154803707
154808606
154811426
154813807
154816356
154819076
154821516
154824116
154826545
154829245
154832146
154835576
154838275
154841905
154845284
154850815
154854795
154858704
154902484
154905373
154908754
154911524
154914054
154917864
154920513
154922923
154925694
154929523
154933093
154935803
154938373
154941173
154944753
154948572
154951242
154953673
154956462
154958692
155001302
155004032
155006952
155009141
155012911
155015461
155018082
155021941
155025791
155028220
155032120
155034592
155037461
155041260
155043500
155046280
155048750
155051450
155055160
155057930
155100260
155104059
155107929
155111279
155115569
155118459
155121998
155124508
155127479
155131069
155135018
155138958
155142467
155145118
155149998
155153257
155158147
155201828
155205537
155208177
155210886
155213096
155215966
155219627
155222306
155225446
155229836
155232316
155235025
155240026
155243906
155247805
155252785
155255855
155300885
155305674
155308184
155310865
155315424
155318234
155321024
155323693
155327323
155330384
155333834
155336433
155338983
155341714
155346843
155351723
155356542
155359462
155402903
155405852
155410752
155415901
155419831
155424042
155429691
155432911
155438891
155442132
155447250
155450800
155455731
155459670
155502130
155507150
155510429
155515320
155519879
155522829
155525139
155530178
155534149
155536718
155540118
155543248
155546747
155549918
155553408
155555848
155558577
155601087
155603727
155608568
155612167
155615237
155617667
155620266
155623917
155628817
155632266
155636846
155641446
155646856
155650057
155655156
155700136
155704295
155707675
155710105
155712774
155715425
155719095
155721764
155724544
155728204
155731933
155736664
155739624
155743364
155747163
155749923
155752373
155755243
155759893
155802613
155805232
155808913
155811613
155815372
155818462
155821991
155825672
155828492
155832092
155834521
155838461
155842151
155846041
155850161
155852631
155856150
155859610
155904051
155906940
155910620
155913010
155916159
155920680
155923300
155927109
155929729
155933349
155937369
155941159
155943949
155946279
155950178
155953969
155956438
160001388
160004468
160009537
160011998
160014368
160018038
160020937
160023537
160026057
160032187
160035367
160040496
160047456
160050376
160054166
160058005
160100595
160104587
160109495
160113225
160116865
160120705
160123675
160126045
160129524
160133864
160136534
160138854
160141664
160146404
160149384
160151613
160154373
160157124
160159274
160202183
160205693
160208303
160211282
160216054
160220962
160224832
160227742
160230203
160234152
160238992
160242881
160246651
160249442
160251952
160254441
160257951
160301061
160304680
160308191
160311291
160315150
160320300
160325200
160329100
160331590
160334239
160336909
160340600
160344409
160346969
160349769
160353378
160357148
160401239
160406178
160411148
160416458
160421528
160423758
160426707
160430997
160435597
160439797
160443337
160447096
160449767
160452257
160457066
160459976
160504695
160509026
160512966
160517855
160521675
160524234
160526815
160529515
160531805
160534475
160538414
160543015
160546074
160549764
160552444
160554984
160558523
160601464
160607014
160611923
160615833
160620453
160624253
160627192
160629262
160632822
160637223
160641702
160644932
160647371
160650192
160654012
160657661
160701401
160704921
160707831
160711251
160715431
160718221
160722390
160727161
160729790
160732110
160736020
160740040
160742359
160745120
160747510
160751289
160754189
160759169
160804039
160807249
160811768
160818068
160821079
160823258
160827248
160829958
160833498
160836217
160840008
160842897
160845057
160847737
160850387
160852976
160855467
160857857
160900647
160906076
160909546
160912437
160918596
160924445
160928575
160931446
160934505
160938845
160942695
160946995
160951605
160955644
160959504
161004455
161008504
161012264
161017483
161022324
161025094
161028893
161032433
161035413
161039232
161041553
161045452
161048432
161052412
161059252
161102972
161107372
161109891
161114472
161117692
161119931
161122621
161125171
161128640
161132662
161136441
161140470
161143080
161146520
161149350
161152100
161156840
161200599
161203509
161206179
161209609
161212469
161215319
161219368
161223298
161228979
161232158
161235588
161238207
161242178
161246008
161248148
161250997
161257077
161300128
161303977
161307457
161312426
161315336
161318047
161320237
161324216
161328016
161331585
161334346
161337566
161341625
161346005
161349635
161353435
161356345
161359005
161403654
161408244
161411664
161414074
161416654
161420513
161425423
161428004
161430984
161435823
161440903
161444643
161448663
161452663
161454992
161458042
161501452
161504193
161506492
161509082
161512142
161515721
161519822
161523412
161525801
161530531
161533861
161539831
161542521
161545890
161548980
161552830
161557770
161603140
161606929
161609249
161611980
161616819
161620699
161626249
161630939
161633719
161636349
161638739
161642368
161645178
161647748
161650388
161654188
161658637
161703077
161706877
161709847
161714487
161717697
161721466
161725967
161729926
161732486
161735256
161739186
161745286
161748826
161752895
161755605
161758106
161800665
161803375
161807025
161809625
161812364
161814645
161817585
161821245
161823654
161826264
161828844
161832445
161836254
161841233
161844423
161849174
161852133
161854224
161856953
161859753
161903392
161907233
161911872
161916122
161918942
161922561
161925182
161928792
161932822
161935581
161939081
161943052
161947351
161952001
161955080
161958440
162001141
162006030
162008850
162012650
162015009
162018901
162022670
162026229
162029159
162032719
162035799
162039479
162043429
162047068
162050578
162053569
162058288
162102648
162106378
162110008
162112548
162115588
162119267
162123147
162126807
162129357
162131757
162134477
162137836
162140886
162144887
162148556
162152306
162154916
162159715
162202996
162206946
162211515
162214255
162218394
162224105
162227775
162231584
162234754
162240554
162245634
162248834
162251263
162254124
162258993
162302673
162305203
162308863
162312923
162315893
162319503
162323232
162326912
162329703
162332362
162334762
162338102
162342231
162344921
162347512
162350931
162353931
162357481
162400681
162406281
162409321
162413030
162417170
162420830
162424540
162428310
162433449
162438369
162442610
162447589
162451859
162457049
162501679
162504359
162508058
162510758
162513548
162517128
162519708
162522398
162526087
162528787
162531198
162534597
162537697
162540237
162542747
162545307
162548076
162551947
162555576
162558166
162600956
162604376
162607166
162610776
162613346
162618375
162622405
162626116
162628855
162632665
162635145
162637824
162640174
162643025
162647625
162652884
162656993
162700844
162704645
162707504
162711183
162714923
162717514
162721273
162726393
162730432
162732672
162735313
162739212
162744172
162746952
162749731
162753082
162755852
162759672
162802341
162805061
162809792
162812501
162815271
162820181
162824170
162828891
162832880
162835700
162840260
162843590
162849360
162854159
162859519
162902570
162905069
162907769
162911498
162915288
162919039
162921709
162924578
162929398
162933718
162939368
162942167
162946047
162949707
162952267
162955167
163001107
163004546
163009306
163013077
163017916
163020446
163023076
163028105
163031926
163034566
163037465
163042065
163044855
163048615
163051295
163054055
163058614
163101554
163103995
163106534
163109064
163112784
163115914
163119793
163123264
163128073
163131823
163136262
163142333
163145093
163149962
163152682
163156243
163159012
163202672
163206202
163209531
163213382
163217363
163221811
163225591
163228640
163232191
163234771
163238720
163243780
163246760
163248821
163251820
163256570
163300259
163302989
163305509
163309400
163313210
163316049
163318229
163322628
163326109
163329778
163332538
163336178
163340007
163342978
163346588
163349168
163351678
163354437
163358138
163402857
163405818
163410906
163416027
163421126
163423466
163426276
163430696
163436376
163439146
163442676
163445635
163449225
163452936
163458045
163502065
163506264
163509935
163513555
163517574
163521964
163525694
163531354
163534433
163540123
163543084
163545603
163548163
163551663
163556822
163559842
163602263
163606042
163608982
163611852
163616351
163622492
163626422
163629241
163632861
163637791
163642181
163646201
163652340
163656011
163659370
163702600
163707010
163710249
163712460
163715530
163719399
163722959
163725679
163730739
163732789
163735669
163739348
163742408
163745989
163748208
163752108
163756148
163800157
163806118
163810527
163812578
163815837
163821867
163827377
163832036
163836426
163839876
163843247
163846136
163849786
163852425
163855556
163859036
163902575
163905355
163909165
163911685
163915485
163919235
163923004
163925834
163931284
163936114
163941164
163945613
163948934
163951324
163956163
163958983
164002483
164006703
164010493
164013143
164015792
164018332
164022232
164027192
164031202
164033452
164038491
164041522
164045411
164049261
164052770
164055561
164100481
164105530
164108130
164110700
164113260
164116190
164120950
164125949
164128569
164131509
164136649
164140219
164142879
164146688
164152509
164156479
164159468
164202918
164205728
164208358
164211068
164213288
164215988
164219717
164222477
164226098
164228997
164232627
164235257
164237746
164240316
164242777
164245607
164250496
164253216
164255666
164258846
164303316
164306116
164308415
164311015
164313595
164316485
164322025
164325235
164328914
164332674
164336675
164341614
164345584
164349704
164353324
164355914
164358683
164405503
164409763
164412413
164415053
164418763
164421573
164426042
164429853
164432902
164435612
164437882
164441342
164445682
164448422
164452272
164456331
164459881
164502571
164506241
164508671
164512441
164516340
164522610
164527150
164531520
164535839
164540560
164543479
164547609
164552338
164556119
164558919
164602428
164606138
164608968
164611618
164615348
164618068
164620428
164622908
164625647
164629647
164631768
164635797
164638327
164640938
164643457
164646036
164648957
164653737
164657476
164700376
164702486
164706396
164710236
164712946
164715416
164719335
164723166
164725946
164728145
164732205
164736154
164738414
164742675
164746795
164749954
164752984
164758804
164801595
164806264
164810283
